---
---
---
1
1
1
---
1
1
1
---
---
1
1
7
---
1
1
1
1
3
---
1
---
3
6
2
2
1
---
1
2
---
3
---
3
1
1
1
14
---
1
8
5
2
3
16
12
6
1
6
1
2
24
6
7
---
10
---
3
7
---
70
10
15
6
8
10
5
---
---
14
14
8
11
2
6
16
11
---
---
38
14
---
---
68
17
3
147
---
15
15
17
17
12
12
6
29
60
14
12
13
48
150
314
---
29
23
120
14
44
15
13
40
49
85
72
10
74
74
70
---
14
84
65
---
54
---
---
78
---
11
38
18
13
148
---
80
73
54
20
78
---
46
70
31
31
31
26
55
440
187
---
---
---
67
72
78
50
66
72
34
25
30
34
20
300
---
178
40
74
105
63
---
62
64
60
30
49
40
35
100
31
19
20
70
---
80
47
31
48
59
65
100
33
46
150
418
122
97
77
45
12
84
136
75
60
116
75
---
166
90
93
60
87
73
131
81
50
---
85
65
48
7
50
---
112
111
106
145
62
---
98
50
80
85
60
60
80
---
25
145
14
25
84
100
40
65
79
80
90
40
96
57
115
97
75
69
88
90
32
60
71
87
131
138
114
26
21
21
99
105
100
79
12
11
11
80
91
19
119
3
80
13
3
11
93
90
---
83
83
72
61
---
105
54
110
79
96
128
125
121
18
23
270
84
125
51
117
30
---
32
54
40
78
36
98
146
128
5
80
87
273
100
74
90
124
110
---
63
74
143
8
78
110
66
2
90
99
71
80
135
93
73
105
---
22
86
5
119
120
45
59
20
94
129
140
16
65
135
123
76
90
87
80
77
87
106
108
67
---
70
95
183
65
88
140
155
70
92
81
61
80
86
82
90
70
90
110
92
104
---
87
71
73
111
80
74
100
65
79
69
56
110
66
102
70
97
96
28
4
74
141
65
113
60
84
20
101
85
112
75
45
115
7
72
77
86
92
91
60
90
71
75
70
102
77
74
89
70
37
84
80
67
170
68
23
116
74
---
141
117
250
97
85
70
16
65
150
24
53
115
70
70
65
65
94
120
72
67
70
135
119
70
69
65
60
105
89
---
115
120
45
94
11
235
96
---
89
65
---
---
68
153
74
49
105
86
110
100
67
80
17
95
65
90
---
80
80
144
83
84
80
117
84
102
65
21
16
62
11
72
14
8
6
90
110
31
103
63
54
69
90
102
23
62
11
71
69
20
20
28
90
94
195
113
18
120
85
19
96
21
93
15
33
87
9
8
92
90
88
88
104
78
83
76
88
113
97
12
100
85
76
84
104
90
73
115
101
---
129
113
6
8
78
---
110
87
80
80
75
---
91
---
89
49
86
110
19
66
12
81
121
61
90
15
120
156
110
85
78
94
20
30
72
11
90
19
16
104
133
90
25
67
40
96
80
35
13
15
77
62
---
57
80
106
85
96
90
30
93
74
63
92
92
58
81
115
75
85
86
80
---
85
78
95
97
9
82
98
108
127
---
54
83
90
71
82
20
133
6
18
65
65
95
93
26
20
---
88
80
74
99
25
103
92
121
84
20
77
81
32
59
75
152
75
89
86
85
87
85
81
85
79
80
76
73
101
26
6
89
70
70
64
51
87
95
83
36
90
125
75
99
89
79
11
93
69
82
97
94
82
77
85
103
82
20
93
90
93
112
114
95
54
124
98
---
65
95
93
10
67
87
80
10
96
91
72
70
84
73
70
81
120
79
78
30
77
---
98
110
78
133
87
68
62
64
84
28
70
---
67
81
81
98
64
79
88
69
88
72
83
118
68
102
73
90
85
73
150
66
89
7
83
90
75
83
94
72
69
87
113
99
73
85
90
87
83
92
---
70
93
68
90
77
80
83
20
96
87
68
87
69
58
93
81
77
88
100
89
20
30
21
87
73
77
63
89
70
78
99
80
97
80
72
78
68
71
77
89
104
98
66
53
65
18
89
96
96
103
113
115
73
77
78
75
74
90
7
---
95
95
85
89
8
65
70
113
76
36
36
96
97
95
87
120
100
85
94
97
78
84
110
90
88
97
59
82
80
70
82
86
72
100
100
47
73
52
72
105
83
88
20
87
89
113
70
100
69
66
92
105
116
114
62
85
121
61
117
89
41
62
68
92
24
22
76
68
71
96
8
92
11
84
74
281
80
91
74
76
17
85
83
---
102
105
90
115
93
83
85
85
80
100
85
---
90
42
51
86
120
77
7
110
80
73
73
87
110
99
9
80
91
72
75
80
83
119
78
115
99
73
69
73
105
97
92
86
145
15
78
102
23
---
107
94
80
155
76
10
111
26
104
102
65
93
93
100
101
59
74
89
110
38
85
---
95
82
16
141
95
79
108
70
95
61
65
80
70
106
11
82
128
130
95
119
78
80
84
123
133
81
95
4
97
91
96
91
70
72
109
88
78
87
---
9
85
5
98
90
62
80
111
132
3
83
---
92
3
91
54
75
74
56
72
75
11
90
110
18
24
99
94
85
99
88
106
83
75
75
92
97
---
92
92
44
22
75
71
105
80
94
96
87
79
93
115
89
92
98
20
108
126
72
116
95
92
105
113
86
101
88
131
70
3
16
61
123
72
95
116
66
75
73
92
81
85
102
95
99
70
76
86
76
110
77
54
81
84
95
74
94
176
89
25
4
93
83
82
92
71
69
98
68
89
6
142
87
---
170
90
40
80
110
78
100
245
103
61
95
98
115
---
66
161
80
24
106
113
85
68
101
93
82
---
99
95
23
97
95
153
112
132
94
101
82
110
116
144
94
31
136
78
80
116
63
99
66
138
95
90
86
36
100
83
80
65
89
95
52
9
82
95
64
30
84
92
86
86
95
95
91
10
5
---
112
113
86
92
92
97
75
108
71
105
11
74
86
67
117
109
18
90
116
82
82
166
9
110
100
---
84
80
101
8
---
82
79
85
58
106
97
75
111
89
111
93
86
91
---
110
104
102
95
85
106
299
90
---
---
55
72
80
98
78
127
90
91
110
7
8
8
4
95
93
97
92
102
115
99
102
107
264
252
6
62
75
9
16
103
97
102
97
65
---
106
90
101
31
85
69
105
98
78
104
63
73
85
97
124
160
92
86
99
130
62
110
220
90
85
83
84
78
90
101
96
89
149
83
112
90
125
32
103
87
52
105
91
85
105
104
99
100
129
93
90
76
93
132
105
106
135
85
115
125
100
92
14
99
73
75
74
222
101
103
96
100
102
71
---
106
95
125
9
96
90
121
---
94
99
15
65
81
92
88
65
105
101
95
115
83
85
75
80
91
99
92
94
102
16
110
69
99
94
76
87
107
148
74
82
77
70
110
113
96
88
108
164
---
55
85
43
117
65
90
104
114
85
113
114
103
90
96
120
100
113
112
4
81
67
128
74
83
112
90
110
127
121
97
125
16
84
103
100
57
110
139
129
105
103
82
63
98
94
92
92
119
130
64
110
9
88
154
86
93
92
88
94
110
94
118
104
103
97
4
93
85
103
3
89
95
106
93
84
92
85
75
88
67
81
93
102
77
95
120
85
125
155
93
90
95
100
80
100
97
132
24
100
73
71
94
90
90
88
112
110
3
77
10
114
69
118
84
140
171
107
81
65
93
98
111
134
68
99
82
80
100
8
112
7
128
96
---
---
105
94
21
115
131
107
88
93
84
86
84
89
123
219
146
102
105
142
135
84
107
108
186
82
90
110
104
92
135
64
107
70
125
94
91
---
81
94
85
81
120
92
98
70
100
105
97
138
137
50
10
119
57
116
174
79
110
103
10
104
3
95
112
155
83
52
110
103
92
76
83
115
98
102
126
95
90
123
118
87
43
105
18
106
69
102
85
108
74
117
97
20
85
8
109
78
126
89
103
99
99
94
117
71
94
7
---
106
77
117
118
23
101
82
97
106
135
118
112
90
88
72
73
80
104
88
75
100
127
127
134
116
88
98
111
7
7
8
96
103
70
94
132
108
70
96
80
118
78
127
7
92
135
138
100
95
74
100
15
110
110
94
102
120
68
111
104
108
114
112
112
101
124
108
115
80
80
67
100
156
97
131
103
124
92
112
16
119
100
143
93
163
103
71
100
---
126
93
109
---
114
87
91
104
72
77
69
66
78
140
110
93
94
75
88
96
130
117
98
7
122
121
84
125
---
118
60
67
59
84
145
172
114
110
95
85
90
85
78
116
140
15
95
93
96
88
76
105
95
---
89
100
43
96
83
83
111
154
85
107
65
114
113
100
138
56
92
87
126
4
85
10
113
53
72
95
85
137
124
85
91
89
85
127
101
92
70
87
85
100
137
96
101
99
122
86
91
73
107
122
97
90
106
70
45
99
80
104
122
109
97
111
95
86
65
77
85
---
---
106
195
102
98
94
92
114
109
119
93
100
2
102
78
79
69
103
78
135
110
123
101
111
88
111
98
32
40
87
128
67
7
90
103
100
68
96
85
11
110
65
71
88
---
78
68
79
87
126
117
90
108
77
92
67
64
70
65
9
91
97
87
91
---
72
99
100
105
140
17
83
80
110
48
69
80
90
142
63
109
101
77
76
125
90
8
76
95
117
116
86
18
128
139
23
129
100
51
100
8
85
83
95
92
128
128
93
105
15
105
88
99
97
94
111
113
98
93
90
146
128
39
89
8
95
99
114
90
104
101
58
160
99
122
94
110
106
118
68
71
100
108
68
88
99
85
65
117
116
110
106
85
125
100
92
80
7
107
98
97
104
108
112
93
86
79
120
85
78
124
86
101
86
85
105
100
86
85
420
64
92
101
100
85
110
130
91
95
70
172
65
68
104
95
20
110
8
98
78
64
99
108
13
86
72
79
190
109
103
123
89
102
82
100
104
118
103
98
106
100
---
95
94
105
146
86
105
91
22
83
62
61
11
104
66
88
107
99
87
73
111
100
92
98
125
89
92
81
111
88
118
108
89
80
108
108
107
64
67
112
101
105
104
73
71
92
6
110
153
86
105
101
87
95
99
98
72
79
99
99
140
103
115
70
72
106
71
99
118
74
104
95
90
96
67
72
111
109
124
102
76
3
90
20
18
18
80
97
75
---
82
96
101
95
69
84
92
99
89
90
90
16
90
95
86
112
120
97
9
117
7
97
83
73
88
94
62
90
124
102
98
96
80
107
90
86
12
86
91
103
98
11
90
---
64
95
80
85
105
77
110
77
62
100
105
127
80
100
---
189
90
95
138
98
111
133
80
---
71
101
124
81
91
91
87
98
62
98
84
94
105
95
99
108
89
90
82
---
106
92
79
92
79
75
114
91
65
102
75
103
95
70
153
90
79
---
84
18
78
94
133
95
94
102
128
120
79
84
83
160
124
86
125
93
95
97
95
106
134
105
70
86
104
207
74
160
100
78
110
103
87
89
87
98
79
82
100
116
88
51
71
120
104
91
86
165
6
120
7
6
8
87
97
86
110
82
79
93
91
110
87
92
---
76
71
152
91
91
100
85
95
90
12
100
94
101
94
116
116
83
128
95
101
104
116
98
98
110
69
93
96
65
86
111
95
63
59
78
90
103
104
97
20
81
130
111
77
92
58
21
104
87
99
105
117
18
---
72
95
106
92
---
171
148
107
132
68
90
102
95
122
101
98
75
121
85
111
---
82
101
103
92
89
72
101
90
8
107
89
115
96
78
---
88
82
108
91
16
8
94
106
98
100
84
104
99
85
104
109
94
---
94
91
73
119
71
87
79
---
80
73
79
73
72
86
96
114
120
94
114
109
---
103
118
92
72
---
115
77
90
10
74
113
82
7
98
69
90
95
74
102
95
90
94
93
106
88
72
110
8
89
80
95
96
103
97
112
101
93
95
---
84
98
89
102
90
89
88
85
90
84
81
93
85
90
68
105
86
77
79
90
---
90
26
105
74
117
97
112
92
101
76
110
112
---
73
84
7
7
7
93
111
84
104
88
105
88
84
98
92
91
86
72
---
83
82
75
113
138
106
109
83
92
100
83
81
75
79
93
88
101
---
64
77
85
102
97
80
91
79
109
82
95
108
94
91
13
99
83
107
90
120
---
85
91
103
94
120
107
100
71
81
83
91
93
208
80
---
102
85
---
88
89
87
86
108
83
80
100
110
85
89
90
88
100
88
115
96
77
87
103
120
82
91
104
99
82
88
73
83
95
85
90
40
93
83
93
143
96
75
120
90
83
90
100
81
75
78
92
84
---
74
90
75
96
80
85
78
88
92
93
73
101
108
---
86
105
69
111
193
85
122
91
116
86
111
98
80
16
166
101
75
105
101
171
75
123
97
119
97
75
88
92
79
84
110
78
86
81
103
83
89
84
115
88
94
109
86
113
97
93
79
61
87
93
135
79
87
85
118
85
90
82
26
195
102
99
9
120
105
93
107
87
97
23
122
102
83
86
---
---
81
89
17
91
5
112
117
101
86
78
118
112
87
92
93
103
---
95
6
93
76
77
22
96
96
165
74
86
65
87
89
95
98
101
109
145
122
85
66
84
87
36
115
78
93
95
107
89
110
92
153
85
87
102
110
82
118
99
82
80
78
72
94
70
129
23
74
83
95
105
85
74
80
122
97
77
87
81
123
90
7
7
7
98
98
82
113
114
90
143
95
105
89
95
75
118
95
82
89
97
93
108
91
99
100
83
122
8
110
118
146
87
98
117
75
108
79
97
116
188
113
100
113
85
100
78
30
98
118
104
89
104
88
85
4
95
106
101
91
23
360
91
82
80
104
90
63
90
118
129
98
84
93
73
139
11
12
105
81
81
84
44
90
83
83
105
79
76
92
94
79
90
83
91
90
101
96
102
104
105
86
95
84
91
98
63
88
90
76
80
81
87
84
104
115
90
90
121
80
77
110
104
85
91
92
85
89
91
95
85
7
7
7
83
10
77
116
89
135
77
77
40
70
90
90
117
81
95
128
130
12
80
78
94
80
71
35
7
---
78
120
91
102
101
81
92
---
78
112
85
96
89
95
75
140
80
105
134
200
8
79
5
78
98
85
91
99
122
30
67
28
111
97
77
88
131
151
82
109
112
79
91
100
118
77
55
69
174
73
86
95
101
115
91
63
80
76
95
92
91
95
81
105
76
109
120
61
119
127
---
118
91
94
80
77
133
102
38
79
90
94
96
96
96
95
7
116
90
77
140
103
---
103
90
93
87
154
120
111
11
107
74
99
96
125
103
94
117
88
81
90
115
87
127
80
83
103
83
85
129
100
152
81
91
85
95
100
100
65
64
105
112
96
86
68
89
93
95
93
70
108
---
154
82
9
98
200
90
117
107
90
107
---
107
---
89
91
---
93
87
128
116
91
108
103
100
125
83
101
96
102
94
---
98
100
105
91
82
88
110
98
103
84
92
83
20
---
94
144
80
104
90
81
80
108
92
94
82
107
22
86
115
88
94
147
102
113
104
70
95
111
106
85
88
104
80
84
7
86
87
108
91
6
11
101
91
94
80
---
109
104
37
114
115
88
80
102
120
102
100
125
157
86
87
---
92
109
91
138
90
102
116
120
75
91
99
78
182
75
94
106
109
106
99
120
---
104
7
168
84
84
100
97
115
90
102
100
69
67
113
94
181
79
89
93
99
110
---
136
123
89
78
---
115
82
90
90
150
97
98
104
117
91
102
102
100
96
5
102
124
113
98
108
85
123
126
87
94
155
116
75
56
97
119
108
111
93
112
96
22
93
32
101
36
87
159
95
82
79
84
96
---
89
91
96
86
81
92
---
109
88
66
81
23
121
127
94
77
82
91
21
73
20
122
89
149
122
111
95
---
99
81
88
105
70
69
112
93
145
107
108
167
84
99
111
79
---
73
78
99
2
102
108
104
102
90
88
116
85
83
82
68
86
110
98
91
93
220
26
35
104
99
---
87
90
92
92
94
119
90
93
116
123
78
94
125
88
120
105
80
116
116
105
94
81
114
146
96
128
85
85
34
80
100
133
77
129
96
---
---
105
96
22
52
122
122
153
87
86
117
91
103
113
80
94
144
101
89
100
119
83
87
95
85
108
98
21
100
109
65
141
78
81
---
82
77
89
123
91
80
84
99
---
201
79
99
84
99
95
90
92
99
92
97
75
---
92
90
75
101
208
97
86
92
111
93
94
27
94
98
113
---
140
101
27
111
81
93
76
74
95
79
106
77
96
90
79
77
78
3
104
89
60
---
105
110
173
96
125
67
62
6
72
114
122
92
80
110
80
113
103
105
98
90
95
146
87
91
110
83
110
70
7
97
80
86
72
107
84
85
---
87
85
70
107
30
91
7
82
82
12
94
92
92
96
110
125
93
172
81
2
86
91
125
108
122
103
161
94
147
85
95
115
96
92
117
104
93
93
62
74
115
80
95
5
118
---
149
100
89
99
102
84
75
140
91
98
93
110
82
101
85
157
119
90
72
75
143
105
88
111
85
97
108
91
96
60
83
122
75
---
94
96
76
82
78
26
---
---
96
94
112
125
90
130
138
114
---
91
---
109
110
73
85
69
86
105
123
76
84
102
76
79
78
12
88
173
42
15
146
108
94
120
85
87
75
97
76
95
12
74
105
116
143
92
23
102
162
14
119
15
167
100
100
101
91
90
82
91
114
121
78
120
119
11
68
97
96
100
128
96
103
99
87
66
28
20
123
98
22
66
97
1
126
75
101
81
30
80
151
5
88
120
100
99
95
106
116
136
91
87
110
128
93
94
116
79
118
98
90
102
15
20
94
122
106
86
99
93
95
111
53
19
99
94
92
115
70
---
83
80
87
86
132
100
96
86
87
105
98
103
126
80
99
124
111
95
16
---
20
94
96
131
108
120
93
81
166
76
99
86
83
93
110
105
83
109
96
73
90
88
34
73
105
98
14
104
88
12
75
97
103
87
82
98
112
89
118
83
62
66
91
79
97
106
130
9
20
92
92
79
121
148
124
87
88
103
96
119
107
95
30
76
82
93
115
75
95
13
105
95
108
88
95
82
35
141
136
102
10
125
105
---
97
87
90
106
99
90
106
123
208
181
133
95
88
---
81
149
11
132
100
135
135
94
95
135
102
98
114
118
84
63
97
118
109
76
121
---
109
119
94
96
104
118
160
138
110
103
91
95
91
97
90
92
129
90
123
---
85
111
124
95
83
97
85
156
90
94
86
105
97
76
99
---
106
27
95
103
119
105
95
71
92
79
212
103
149
100
128
145
173
88
83
140
33
74
101
101
129
11
91
145
96
103
17
88
102
98
101
119
130
120
85
70
100
118
91
105
98
99
92
114
85
104
60
175
85
85
88
175
118
88
122
91
79
126
87
89
88
92
98
90
94
109
92
98
90
58
132
103
110
111
117
127
104
5
7
184
151
86
85
104
---
104
99
72
---
117
86
55
68
88
123
94
6
127
127
150
88
92
98
111
106
100
20
96
107
87
127
103
21
84
109
213
117
93
107
89
70
97
78
120
144
83
82
161
88
111
131
94
101
109
79
97
107
128
71
46
150
92
---
58
110
180
68
6
87
109
128
161
---
125
69
98
---
113
96
130
112
120
95
129
93
129
94
77
110
8
178
5
141
90
136
100
103
99
91
119
---
110
100
89
85
120
80
87
---
100
20
90
115
28
87
91
99
109
99
90
85
105
134
83
85
89
84
100
81
124
---
108
107
120
86
100
105
124
---
190
115
133
178
110
30
100
115
90
92
95
---
7
28
72
87
184
107
108
50
60
75
91
9
85
112
150
90
97
93
103
88
120
119
108
128
65
168
54
114
105
94
100
118
98
95
106
135
90
85
99
36
169
33
103
120
80
91
124
110
158
91
---
74
23
20
10
108
151
105
99
110
85
105
132
152
164
180
126
---
95
86
75
91
80
88
103
87
111
110
13
65
120
95
110
77
---
80
82
4
80
125
151
---
114
105
114
85
98
2
117
123
5
83
102
134
119
155
92
90
107
110
143
126
76
79
98
104
106
113
85
110
100
99
80
159
---
100
15
120
207
113
34
96
80
86
84
133
27
150
100
152
95
96
28
105
216
95
96
115
---
136
95
18
99
27
108
5
179
45
95
107
153
107
71
129
124
100
115
110
94
107
95
94
10
139
---
102
111
108
103
21
22
90
111
125
106
50
44
38
80
112
140
117
90
96
66
94
100
91
94
91
97
105
104
109
110
90
99
119
90
104
96
118
120
107
---
113
111
85
114
100
11
129
101
16
95
92
86
87
96
22
74
4
85
90
93
77
104
26
85
106
81
81
80
---
88
118
85
114
105
103
52
113
20
135
90
95
125
109
95
101
105
90
80
103
122
103
113
92
100
97
120
107
114
100
123
77
33
105
91
9
38
168
80
90
---
154
---
125
142
81
105
90
110
15
85
86
67
107
120
126
93
94
120
115
118
108
243
84
95
165
80
88
102
10
118
126
100
62
93
---
103
94
77
90
---
105
104
105
45
175
20
85
150
122
115
129
87
105
112
101
136
91
23
52
105
87
157
29
28
98
95
86
88
112
43
105
120
82
18
168
---
87
92
90
104
---
108
205
96
---
35
55
95
101
142
93
112
109
85
97
108
115
1
39
184
29
118
94
24
88
7
115
100
13
10
163
75
97
17
146
83
105
158
110
106
86
93
170
78
120
---
137
93
120
102
100
91
150
115
99
107
116
100
13
13
101
138
90
92
100
83
115
145
85
20
118
93
113
91
145
105
118
11
148
97
95
95
74
80
9
111
109
120
115
106
81
117
20
129
99
125
150
93
131
85
103
99
141
82
238
100
93
189
116
74
23
164
140
3
28
93
---
---
108
96
87
59
87
101
393
10
10
84
112
80
89
112
153
85
100
49
99
92
91
81
10
68
11
78
116
87
47
98
75
63
21
102
100
97
135
92
109
---
114
84
117
110
95
110
114
---
86
102
85
103
104
96
101
86
95
81
29
92
139
90
33
90
72
127
120
128
15
25
---
---
40
54
485
46
69
80
126
116
---
118
133
183
116
3
163
132
45
105
78
86
113
91
86
250
154
43
90
110
68
110
94
95
178
106
118
13
30
114
95
81
115
97
12
109
108
150
89
99
92
148
124
99
88
133
108
78
85
95
143
95
110
131
15
127
105
35
39
102
182
122
110
83
90
93
92
30
115
113
18
128
111
91
91
82
104
149
185
9
114
17
197
130
92
84
124
79
13
72
122
116
104
110
119
93
25
83
92
---
100
128
---
15
107
41
88
122
80
---
90
72
124
93
105
107
92
80
99
117
105
141
107
165
87
118
116
112
117
138
88
90
109
81
37
91
123
122
20
100
27
81
96
96
94
73
77
100
51
165
114
87
95
92
18
121
183
79
138
100
90
234
90
66
105
70
66
5
---
70
79
48
87
115
96
14
174
71
119
112
100
129
91
34
147
102
172
105
111
104
3
10
54
83
81
95
139
95
15
95
115
117
95
99
115
100
76
173
105
---
95
92
89
87
93
90
102
103
134
94
85
105
38
105
90
90
100
84
105
87
175
106
115
114
91
90
103
79
90
103
87
85
90
102
94
62
82
66
96
128
93
95
111
104
174
93
128
91
122
94
---
26
16
115
102
89
90
180
104
107
95
102
88
---
99
102
75
13
17
110
4
55
95
92
102
161
99
108
109
75
119
107
150
112
118
107
84
60
---
90
95
105
30
95
28
13
144
89
90
120
75
100
103
71
129
89
91
119
78
99
132
13
91
135
114
111
110
38
123
112
90
92
74
97
121
105
135
105
88
92
100
119
65
94
---
75
87
65
85
85
70
112
97
84
121
110
86
83
89
80
185
124
97
97
169
---
3600
8400
80
210
72
33
33
33
74
60
10
94
125
179
70
123
84
97
100
120
72
110
150
38
19
5
186
27
110
97
92
10
90
94
105
135
159
357
92
80
48
85
80
134
100
84
96
---
92
---
171
111
108
81
---
105
105
105
55
53
101
7
92
100
85
115
93
124
95
---
107
112
105
114
51
94
102
112
63
107
92
144
104
73
82
116
95
103
---
130
13
126
138
82
108
95
130
28
115
90
73
94
109
10
90
140
101
40
80
95
100
80
100
20
128
85
102
108
7
175
112
3
90
109
13
102
142
107
---
79
71
92
104
178
105
15
---
97
72
79
131
108
---
---
97
74
122
95
69
85
97
96
108
105
84
99
157
86
103
89
110
79
10
111
96
118
92
94
98
142
100
87
78
111
266
90
123
106
126
103
110
95
111
105
169
22
103
6
35
121
93
45
108
118
140
---
91
121
108
92
107
111
157
100
22
86
105
162
---
96
105
101
30
89
6
105
99
84
80
114
78
108
98
13
138
130
18
111
83
120
98
88
87
9
29
108
124
88
103
86
110
101
90
89
90
95
93
103
93
45
5
52
88
---
101
91
130
103
104
---
89
109
---
93
123
93
105
105
96
88
117
86
120
96
73
85
99
84
55
117
91
95
120
95
132
86
90
67
95
100
7
260
120
95
100
93
72
70
108
97
108
135
139
---
95
13
90
25
142
158
173
113
120
100
114
93
102
93
---
99
90
100
19
79
95
86
104
100
139
182
9
36
73
---
165
105
80
82
98
75
88
113
109
109
75
105
28
89
13
100
---
74
71
70
125
72
78
89
105
109
103
101
349
50
134
108
116
117
76
95
95
98
110
94
136
80
100
91
136
102
114
98
101
86
153
98
93
131
91
130
98
252
95
66
96
106
11
100
82
96
73
110
105
107
97
112
98
90
103
92
97
94
38
---
99
---
100
101
80
15
94
23
148
57
17
157
82
10
90
88
90
90
98
---
97
105
109
84
63
14
51
77
10
176
115
155
95
113
98
35
138
83
86
85
25
41
12
93
98
139
105
8
45
25
102
101
110
87
90
78
88
80
105
23
95
98
115
130
100
90
95
90
87
101
118
102
102
93
9
127
107
65
110
103
95
100
85
87
28
91
88
88
87
60
129
60
90
98
101
88
149
94
107
55
10
110
100
84
88
140
101
110
---
132
128
95
95
29
112
17
127
94
140
90
99
60
81
90
92
86
78
145
80
90
10
162
107
112
101
125
146
93
90
97
3480
26
91
17
139
86
84
105
109
143
10
115
90
96
95
113
166
83
378
86
13
107
85
104
177
85
140
90
115
87
94
116
10
80
2
95
105
260
105
96
118
---
73
107
118
99
144
111
88
97
66
108
129
96
112
103
37
132
94
100
114
102
95
105
342
129
103
102
169
85
123
40
113
103
144
41
20
96
93
---
105
---
142
70
52
17
160
134
20
93
---
107
94
110
122
20
109
121
155
92
65
105
95
110
116
93
98
115
80
95
101
75
53
80
91
128
202
74
87
16
8
133
105
116
159
28
115
100
112
52
96
113
110
107
7
71
107
100
100
23
107
103
109
---
94
98
93
138
94
124
80
103
90
82
138
70
90
82
105
87
107
100
125
110
80
92
88
136
97
25
50
50
80
103
88
92
143
106
60
91
90
97
119
98
83
23
10
89
95
52
58
85
11
90
49
97
100
103
29
114
86
96
92
99
101
106
140
145
90
113
145
105
102
77
124
102
94
108
100
92
110
91
90
20
115
10
---
85
87
132
175
140
99
98
10
12
7
176
---
95
96
110
80
95
105
95
---
---
34
56
126
153
93
85
---
91
109
150
90
109
71
129
83
89
110
85
---
---
136
118
112
121
79
25
94
92
---
91
80
83
111
65
85
121
9
150
58
103
---
112
65
86
67
95
98
110
115
113
82
78
123
93
110
103
105
80
105
88
89
10
150
132
97
100
94
95
89
169
105
87
99
137
91
102
90
116
114
75
88
32
45
95
88
87
123
95
89
97
85
---
---
103
70
99
184
99
101
90
90
125
100
84
91
141
---
40
127
88
82
196
121
149
110
90
---
87
91
56
88
109
84
107
112
71
99
118
105
123
92
32
87
137
91
110
---
80
114
99
95
105
---
7
102
97
103
80
92
33
86
95
90
75
100
96
84
102
109
135
107
88
95
111
111
95
89
90
93
36
26
33
73
89
---
104
94
---
---
96
88
85
76
90
105
164
---
93
119
89
89
102
98
101
101
78
85
93
103
113
112
108
200
103
90
99
88
128
181
100
3
104
115
85
98
106
87
99
---
50
86
99
137
73
87
125
92
114
111
113
138
85
99
108
116
88
98
80
84
93
118
95
100
102
94
108
88
529
120
---
121
102
97
95
33
96
203
10
143
123
114
98
100
109
113
96
125
360
140
101
95
75
10
103
729
95
96
120
80
96
135
109
123
98
95
90
109
107
112
183
110
110
102
103
132
88
17
42
90
109
102
101
180
61
90
117
98
89
125
96
98
27
137
90
85
65
148
108
89
111
105
98
---
92
97
90
130
67
94
88
101
130
80
---
87
112
56
76
105
15
106
105
103
87
100
101
150
100
29
103
207
82
142
101
145
94
78
87
117
86
90
92
107
80
91
93
114
106
136
42
75
94
109
6
22
100
105
115
1
100
101
105
94
90
90
85
90
50
88
99
303
113
175
92
91
109
111
103
62
68
85
80
90
104
30
99
46
91
100
80
3
83
120
54
101
26
101
124
128
103
128
31
36
29
11
92
93
49
88
99
93
106
89
86
95
96
102
102
144
60
100
113
52
95
90
85
55
---
74
98
94
104
81
116
95
141
105
100
120
132
85
87
---
140
---
99
102
19
184
85
224
91
8
88
33
110
25
28
95
133
69
111
90
99
113
85
88
---
---
107
97
103
112
92
89
102
98
138
88
104
91
106
154
70
98
35
---
95
83
83
72
---
92
100
97
100
93
81
117
99
100
95
316
94
15
85
115
9
84
96
122
103
110
110
90
90
---
102
112
107
85
102
3
77
104
90
---
110
95
92
9
109
86
105
255
90
112
95
82
42
97
87
121
135
188
72
97
128
87
107
---
92
94
107
100
78
106
104
97
175
80
102
162
---
88
134
73
92
85
14
99
140
35
165
90
88
89
106
87
100
98
161
102
89
92
8
35
89
144
100
96
86
105
105
121
---
119
105
87
92
118
88
112
173
96
105
89
115
101
76
85
95
90
120
168
90
37
102
97
102
111
28
63
100
90
14
92
110
105
98
118
98
97
96
14
97
120
88
103
95
98
93
95
290
88
96
110
100
102
90
8
55
100
103
108
105
92
83
95
210
112
212
127
125
97
103
104
94
105
239
122
97
99
119
134
93
87
159
55
90
100
100
95
103
101
---
113
106
115
110
111
121
97
103
103
124
106
104
129
91
87
95
105
164
105
90
96
81
102
103
114
100
124
---
100
92
125
98
---
92
122
91
87
70
---
76
85
72
92
124
91
92
70
86
105
840
80
110
129
95
85
32
92
117
---
145
96
---
108
9
122
88
134
85
---
12
146
97
122
90
125
118
44
98
102
124
93
100
720
83
84
110
110
103
118
120
252
88
125
---
69
85
146
102
151
108
57
78
110
95
91
87
110
111
---
17
98
97
---
97
86
105
115
33
120
109
1352
108
235
54
70
85
108
11
114
120
70
102
89
91
141
85
121
25
108
123
59
94
73
---
101
86
131
78
134
92
90
117
16
12
105
103
120
19
71
109
8
84
---
126
93
105
20
104
97
105
83
83
155
118
132
110
86
114
98
90
144
91
91
108
89
85
113
200
100
112
92
83
105
104
112
96
2400
123
94
135
101
108
80
93
10
84
112
81
98
---
80
80
38
120
82
58
83
95
91
165
132
103
95
115
125
4
98
103
95
40
83
110
104
94
107
315
83
93
92
3
168
115
83
52
80
121
120
159
85
78
118
80
92
12
105
121
75
108
91
98
127
110
1350
99
137
60
11
---
90
115
97
93
94
99
---
128
85
88
143
10
75
96
85
91
83
102
---
93
94
130
103
---
112
82
131
104
93
105
35
111
108
117
9
104
192
---
120
111
110
152
93
58
115
80
95
118
104
107
118
104
90
124
113
49
75
270
---
109
---
96
80
187
---
---
83
85
104
141
93
92
115
37
115
88
100
104
122
88
179
88
95
210
91
110
92
90
89
105
93
105
75
79
112
96
80
135
201
120
89
82
159
100
140
230
632
119
97
95
98
90
109
---
97
96
83
53
78
140
95
80
91
118
82
93
130
84
125
95
85
88
16
102
96
123
174
90
83
87
---
100
72
85
93
105
85
35
82
---
100
120
123
96
113
87
91
123
120
90
127
67
115
82
133
119
94
104
89
80
150
30
90
88
30
---
225
133
156
191
---
---
95
105
45
6
107
91
97
102
92
98
129
95
60
105
97
74
124
87
141
90
82
151
5
81
72
103
---
195
8
183
95
144
177
22
95
100
---
78
125
77
94
100
95
90
88
95
---
158
89
99
119
153
140
65
127
99
11
99
112
117
122
29
95
93
40
117
112
---
100
103
97
11
113
88
111
140
47
103
111
192
108
115
110
144
106
107
123
105
90
145
95
150
92
204
105
7
85
94
124
88
110
95
108
130
114
103
97
---
---
90
91
110
116
167
53
102
109
105
85
130
---
120
173
147
110
---
119
110
84
106
93
134
90
136
118
245
85
58
83
107
91
75
93
100
95
86
101
99
42
100
90
109
90
104
105
97
115
83
110
---
97
177
86
136
36
108
80
107
85
97
98
40
107
107
111
8
95
120
85
156
135
103
116
96
96
101
158
112
80
94
88
27
16
94
99
68
600
53
134
120
---
88
100
90
98
72
132
104
107
94
113
22
120
94
20
107
67
763
---
86
---
125
54
115
103
55
10
65
84
9
95
91
112
33
97
92
110
103
---
101
121
115
111
116
109
180
86
80
94
103
82
89
97
94
82
110
278
109
120
138
145
80
93
126
198
84
90
125
101
101
240
103
131
91
102
94
121
145
105
140
102
125
93
127
113
140
90
70
130
107
91
125
96
---
112
97
115
113
72
117
100
111
99
12
15
115
93
25
123
32
10
---
76
115
110
116
104
80
---
92
89
115
93
---
175
115
110
105
650
109
78
104
140
90
85
124
180
146
94
125
17
168
90
100
92
175
118
119
80
77
100
142
100
81
60
94
100
120
81
118
105
95
73
94
135
103
83
62
63
94
104
90
94
28
88
144
129
160
134
120
104
105
95
5
127
---
89
90
95
85
97
107
98
---
184
---
138
107
80
109
82
96
50
112
112
105
85
99
90
85
143
97
122
89
---
101
125
312
78
107
114
93
95
96
30
115
122
13
144
---
90
100
165
129
75
90
---
---
144
---
112
47
116
110
11
145
97
10
6
78
18
---
113
102
80
111
---
98
122
121
85
105
240
103
135
28
14
122
115
105
92
90
101
96
95
90
61
88
145
---
119
93
90
116
129
74
76
110
108
18
95
110
56
106
22
159
88
2790
102
96
125
120
106
164
101
116
90
40
101
95
91
77
96
135
83
92
442
302
93
114
101
76
89
105
119
120
165
110
160
113
85
90
77
106
125
90
---
93
174
79
130
109
110
106
371
118
86
120
93
125
129
82
127
106
133
90
175
100
99
109
66
134
30
10
101
---
99
93
100
110
100
124
133
98
128
167
183
53
---
102
4
84
113
111
91
92
92
273
60
95
110
---
118
91
100
108
93
143
71
103
18
292
9
92
102
104
114
129
114
13
10
96
105
130
94
95
85
---
14
163
45
---
114
20
---
119
120
102
101
102
90
91
124
76
111
172
115
144
103
151
110
110
102
3
98
24
10
109
145
73
86
105
115
133
93
75
95
110
124
189
90
120
100
624
260
91
120
103
85
115
91
109
110
110
129
100
260
185
105
147
---
121
113
86
77
85
114
65
90
76
113
126
100
110
140
85
126
78
92
103
96
66
86
98
110
123
124
103
95
114
85
136
85
117
87
108
72
123
91
95
90
90
---
123
88
131
86
84
114
50
99
127
90
107
100
104
90
114
96
110
118
89
98
93
101
100
130
109
118
95
140
141
104
107
92
144
118
95
112
95
96
123
100
99
116
163
77
176
100
98
135
125
150
111
87
92
92
94
90
95
46
102
98
99
---
90
90
96
13
28
---
90
122
55
99
111
120
72
105
94
110
121
92
123
10
94
91
96
97
126
359
41
155
130
100
89
147
137
107
4
90
103
108
110
90
184
184
120
85
96
108
16
129
315
89
102
92
92
93
88
---
95
156
113
19
112
17
---
100
275
119
80
6
73
90
80
116
179
33
96
78
109
112
93
28
140
103
93
110
120
102
144
34
50
97
29
105
---
108
106
121
96
104
20
96
170
115
94
92
20
97
95
110
115
80
117
120
65
134
150
142
108
117
95
9
---
112
97
110
107
79
---
118
119
108
---
104
24
160
100
93
50
---
88
121
120
143
95
85
118
97
132
111
106
105
100
140
114
103
---
142
90
121
105
78
97
86
101
---
91
82
105
114
235
129
125
90
94
107
---
15
---
15
5
120
99
104
150
96
20
---
156
135
156
105
91
121
13
146
219
10
360
92
12
95
106
30
109
87
---
106
105
95
90
85
90
110
113
10
119
131
76
88
15
894
60
91
30
91
106
93
113
159
104
84
101
87
77
185
88
83
133
110
100
110
94
84
97
112
110
102
95
---
100
90
75
---
99
98
107
124
157
99
16
90
104
96
142
35
97
159
130
57
158
113
125
95
92
127
96
84
90
87
125
106
---
114
104
120
101
95
135
---
152
88
85
111
104
119
75
95
104
96
144
134
---
118
80
103
110
111
109
125
99
91
123
87
123
70
90
94
72
158
129
3
132
113
95
129
102
101
95
110
110
100
117
90
173
128
115
86
181
48
---
118
144
117
103
128
102
94
103
112
110
77
94
133
95
87
780
120
36
101
140
118
---
111
129
100
86
---
95
104
112
96
111
---
100
100
---
92
87
136
113
145
88
97
103
112
102
94
127
108
97
167
111
200
152
86
83
90
73
116
80
82
51
120
115
140
92
100
6
93
103
92
87
96
87
227
99
131
---
100
182
107
94
73
83
123
97
102
94
102
117
122
91
118
190
97
90
107
90
197
101
140
288
95
100
50
115
124
122
120
114
139
84
101
94
97
155
102
100
14
82
92
87
125
132
9
131
110
127
121
97
99
92
95
105
103
108
95
46
43
106
120
122
92
96
86
123
90
225
110
16
109
105
151
81
8
75
257
108
113
95
15
122
94
69
151
126
93
106
57
97
98
109
93
100
173
93
91
---
90
110
104
---
100
83
167
108
98
110
110
99
122
80
106
88
112
154
50
94
93
91
87
87
94
90
105
103
55
60
105
---
95
85
135
166
126
24
105
114
129
149
125
---
100
116
137
90
123
85
26
110
123
105
160
129
108
130
104
146
107
8
109
104
72
99
108
195
118
122
101
94
92
91
135
76
99
100
115
100
139
135
118
96
89
110
105
128
95
107
108
---
92
106
106
108
103
---
65
56
115
99
86
110
96
114
127
---
96
---
82
90
108
100
110
115
128
80
109
101
95
95
188
90
108
108
97
83
92
82
123
120
92
189
124
138
34
114
94
82
70
92
78
116
6
85
101
9
112
85
100
108
84
130
107
95
106
---
91
83
100
140
93
91
86
107
105
122
---
91
34
90
105
100
93
90
90
150
78
99
45
122
133
---
105
---
108
105
54
109
91
89
194
93
92
120
83
87
54
114
92
103
106
---
97
125
102
---
100
92
91
157
136
97
113
114
105
---
77
106
97
26
110
78
92
75
---
119
109
115
130
97
105
78
360
82
152
93
42
110
115
123
80
96
88
85
129
102
140
48
113
129
115
96
86
75
10
99
---
100
65
105
---
91
157
95
151
128
---
87
109
88
116
87
---
89
90
170
97
120
86
96
90
117
80
110
66
250
---
90
118
112
133
118
90
99
110
59
97
92
166
97
115
99
92
45
540
88
7
135
12
102
255
96
102
98
106
124
59
40
139
93
110
90
13
22
91
111
106
136
80
115
23
97
120
89
98
78
93
99
112
82
79
114
118
97
58
92
132
98
110
81
92
105
115
133
126
167
89
---
90
97
100
90
94
90
96
132
115
720
13
103
98
110
69
106
91
96
---
109
86
94
94
95
91
94
88
103
90
101
---
102
92
170
93
120
108
177
91
90
460
115
20
117
95
40
100
110
110
92
111
103
142
110
130
84
100
55
62
---
117
97
22
104
94
100
88
101
105
104
140
91
130
115
130
130
90
103
52
113
165
118
75
103
193
92
137
52
88
109
110
82
---
115
75
105
120
105
110
373
103
13
116
94
60
97
60
104
83
102
118
89
98
50
130
96
98
87
91
55
96
100
133
83
26
100
22
127
95
98
120
101
112
52
---
107
104
100
139
128
130
154
104
80
65
123
72
103
140
102
47
80
330
102
85
87
101
98
93
111
94
123
111
141
198
102
110
60
116
119
109
29
97
143
97
85
140
118
96
128
90
127
134
74
108
120
91
90
30
92
111
106
95
112
104
96
---
95
115
108
118
96
166
118
---
97
90
155
18
100
86
112
90
120
110
95
126
112
91
160
103
95
22
92
105
102
100
72
137
60
51
110
85
21
17
93
105
108
127
128
108
27
107
147
100
115
95
141
100
105
103
90
89
59
97
127
28
92
91
92
126
106
101
109
96
88
100
65
104
119
130
185
94
105
87
270
138
35
158
105
15
98
---
82
141
76
87
106
---
94
93
---
93
111
129
93
109
114
102
115
106
124
110
88
27
90
100
101
141
95
90
145
93
91
106
163
108
100
---
229
100
134
52
140
120
111
120
100
---
96
100
115
92
106
28
114
130
116
96
105
14
95
95
---
95
105
102
210
92
98
94
82
120
77
92
89
---
86
115
91
130
93
82
107
940
92
103
169
74
97
120
105
152
107
96
99
106
94
101
142
108
100
104
87
96
90
82
87
5
330
79
139
106
171
90
56
78
118
114
119
94
187
90
7
---
85
103
114
90
---
82
104
110
90
150
95
80
96
106
105
101
82
100
109
95
133
103
80
113
95
119
93
85
85
137
80
94
56
104
85
113
85
120
115
91
156
88
90
96
96
163
89
110
92
136
121
85
95
90
93
79
10
104
95
119
91
109
101
94
93
85
52
95
114
124
99
113
105
437
88
98
116
55
127
100
32
131
131
95
107
86
100
115
100
101
88
97
90
100
---
42
87
90
102
98
105
101
137
117
97
94
129
86
85
97
115
105
78
106
95
101
70
100
132
---
84
23
109
136
77
113
111
94
161
135
115
566
96
108
111
115
88
109
60
135
113
94
120
98
88
108
85
106
6
120
87
94
96
195
96
130
97
93
101
110
117
120
100
94
101
142
90
106
410
69
80
108
161
110
83
125
163
105
94
115
91
96
130
118
110
60
93
102
111
130
172
124
131
120
109
108
104
97
89
90
104
106
89
119
87
88
115
152
91
93
113
199
149
112
82
6
21
88
---
105
126
90
142
112
92
105
95
90
114
---
120
110
90
116
92
75
115
93
96
109
61
106
102
415
90
122
130
114
101
98
---
53
89
120
110
95
105
122
113
---
84
80
90
109
35
50
8
57
56
84
111
137
76
116
99
114
91
88
97
96
95
80
28
150
104
95
87
111
100
135
88
113
96
106
78
102
94
98
126
140
95
115
93
110
133
90
93
52
129
107
85
81
105
110
89
97
76
101
86
17
---
121
95
95
103
99
111
100
100
114
93
107
98
125
94
90
104
96
---
179
76
25
95
90
---
96
105
2
114
84
105
103
120
106
119
80
118
103
155
90
95
109
98
96
124
143
96
84
120
111
80
105
119
87
92
88
92
115
98
20
149
103
92
87
110
130
107
96
130
65
100
90
145
109
106
119
110
100
123
90
86
90
104
97
120
123
---
22
108
120
115
145
86
131
90
107
88
104
53
88
---
78
40
100
122
90
88
100
117
94
98
111
107
95
93
8
130
164
109
109
117
103
108
113
38
85
82
100
93
90
24
112
97
107
101
92
150
102
144
30
118
71
92
94
160
95
31
113
6
131
96
75
110
43
110
102
108
---
103
106
98
98
105
52
92
99
87
86
94
99
120
100
119
18
88
110
81
85
90
93
---
116
110
28
180
103
---
93
86
108
30
110
116
183
91
108
---
102
82
91
125
77
89
85
89
137
108
118
70
360
115
122
43
111
88
104
205
96
91
109
108
93
180
83
100
102
110
126
140
97
90
102
97
105
110
96
108
179
101
17
---
100
85
85
89
116
---
96
15
101
98
115
86
117
92
100
120
112
108
89
119
117
119
110
95
95
103
102
102
112
85
107
86
108
95
107
128
105
118
118
120
91
96
222
106
267
100
102
113
25
109
97
---
85
101
14
85
94
145
90
90
98
98
106
105
90
102
81
98
103
90
96
4
---
93
130
107
97
98
97
127
90
95
147
88
96
23
87
110
153
152
124
132
117
92
106
117
---
82
---
145
108
---
80
103
---
106
94
---
873
130
111
132
78
105
120
127
52
91
108
55
88
84
88
353
127
129
7
98
88
119
90
92
69
117
136
90
88
122
95
92
107
---
93
108
90
173
---
76
88
70
106
111
98
108
115
85
93
103
106
105
105
98
82
101
124
160
360
110
93
68
120
97
88
90
25
100
87
102
15
88
94
90
97
15
93
85
45
87
115
125
56
53
127
80
110
87
99
100
46
186
98
110
110
121
171
74
162
109
139
550
87
27
95
24
---
71
116
5
114
112
140
47
---
128
116
85
110
10
123
102
10
109
131
125
112
86
75
86
96
15
105
113
---
110
106
113
98
81
149
90
125
124
110
20
78
109
125
96
133
120
6
97
117
97
109
160
90
94
128
95
94
102
---
119
121
104
108
164
108
101
42
133
20
127
103
---
90
110
103
110
52
126
86
17
101
92
93
84
116
128
94
85
123
90
185
97
105
103
107
94
77
90
92
96
87
19
86
115
102
---
143
55
103
85
166
90
104
101
112
---
93
119
84
109
135
18
82
192
82
120
107
99
96
91
56
75
82
20
17
19
137
78
92
94
171
126
145
97
110
106
105
97
154
186
133
39
83
90
73
123
100
110
94
103
91
117
90
113
116
87
8
78
40
113
100
95
186
105
102
97
92
75
13
114
90
108
126
---
120
96
110
102
104
95
95
53
90
106
85
91
114
---
157
100
134
123
105
97
110
92
113
123
93
97
116
---
123
80
---
86
103
113
255
112
---
142
102
97
4
7
88
98
127
120
102
95
75
107
89
75
119
80
110
104
111
116
103
19
122
87
107
87
54
153
82
46
72
85
96
57
165
90
195
5
23
13
10
85
17
95
90
102
106
88
91
112
117
118
50
---
95
80
104
87
---
97
123
105
103
103
80
---
15
81
90
13
102
100
40
167
17
139
22
127
97
144
40
129
108
95
135
97
108
67
---
96
100
---
92
105
116
107
119
128
80
116
384
358
126
110
114
99
100
107
118
122
62
80
93
138
174
87
99
96
104
99
93
40
104
105
111
6
11
87
137
117
102
110
123
95
94
94
50
8
115
---
102
680
---
100
158
98
87
105
100
94
115
102
161
85
181
106
11
100
125
91
100
79
112
---
103
83
105
120
103
117
114
96
95
88
113
48
93
132
---
90
91
110
88
---
124
105
85
90
75
97
130
100
100
90
15
108
124
78
114
92
157
95
134
100
87
86
134
79
68
---
33
98
---
96
100
---
---
120
98
114
108
127
90
102
126
78
108
121
132
88
127
115
90
75
95
92
115
---
109
117
135
119
150
120
78
119
106
107
167
105
70
101
100
75
96
101
137
115
115
110
108
81
127
---
100
88
84
84
---
136
95
100
150
138
130
107
96
106
55
82
110
98
109
52
920
---
128
163
104
96
123
63
109
90
120
90
146
100
107
130
102
92
35
110
92
98
90
6
10
100
135
81
25
112
103
80
109
114
115
89
85
108
119
94
136
107
---
95
122
92
115
10
176
101
151
128
103
113
106
95
130
96
108
122
89
100
101
94
122
55
85
118
---
80
10
107
102
111
85
94
136
126
90
153
87
80
187
117
102
105
93
102
115
94
98
114
90
118
54
63
95
112
103
102
109
99
82
98
41
137
62
83
107
7
129
100
---
125
---
9
108
105
98
95
115
110
---
135
140
95
138
91
125
108
106
95
108
103
92
134
88
118
90
97
102
106
119
154
73
153
104
10
84
132
380
95
135
97
95
102
89
97
115
77
109
56
91
13
97
99
60
---
118
113
90
52
91
107
40
120
23
129
82
99
117
---
26
10
125
158
105
95
97
---
91
101
110
240
98
40
105
92
---
129
103
90
125
105
132
128
128
105
94
107
12
116
98
150
110
135
188
132
---
100
118
102
116
57
102
93
110
134
83
112
120
90
97
102
118
88
125
114
158
99
85
146
176
92
115
237
86
125
135
165
107
62
123
112
193
90
110
92
100
120
240
144
182
123
48
100
85
119
90
88
87
20
104
105
103
83
100
137
88
87
126
99
107
126
138
123
114
99
83
102
82
100
95
140
92
139
92
111
94
98
112
16
127
133
13
106
98
115
100
100
105
112
96
90
104
100
95
67
110
80
92
105
91
85
100
50
101
118
115
129
97
124
112
97
111
100
40
91
108
101
100
76
86
96
112
100
107
108
84
105
103
201
---
105
---
87
47
94
93
135
119
110
100
94
90
116
111
110
122
99
104
125
128
366
108
93
89
22
108
96
35
135
94
46
93
84
112
90
97
116
108
90
88
126
501
119
28
106
104
90
50
20
99
105
72
139
94
109
84
80
137
123
138
1532
114
86
101
126
90
81
114
93
95
107
100
---
192
135
70
115
95
5
118
115
89
114
74
83
95
87
100
127
14
81
89
---
109
99
240
88
138
96
91
80
108
106
113
103
110
105
107
127
109
138
6
165
126
116
70
128
96
87
92
---
100
107
108
115
189
87
92
112
105
85
129
117
130
90
110
14
133
158
123
163
104
60
115
111
175
116
121
94
115
75
102
155
178
119
125
128
110
98
98
96
127
88
114
122
144
119
170
84
137
75
104
101
136
87
105
12
90
99
31
97
94
103
124
190
119
93
84
2
---
122
120
100
102
110
98
117
118
30
70
115
89
101
---
109
141
97
---
112
65
135
107
27
76
99
89
117
110
94
79
100
94
43
127
---
134
94
100
28
165
90
110
111
126
---
107
94
90
130
107
93
83
88
120
104
68
117
93
122
104
103
182
108
108
97
115
119
187
73
113
102
30
95
106
95
128
90
106
154
60
11
---
76
103
85
36
112
147
188
85
105
87
112
109
175
124
93
133
116
76
117
86
127
110
210
109
100
77
124
93
126
195
141
79
120
110
82
92
104
98
105
97
104
109
98
62
75
135
122
140
72
87
105
89
102
90
95
100
97
110
88
10
59
91
99
111
118
92
98
60
94
206
42
94
110
8
119
97
107
107
94
9
34
115
87
85
---
99
124
65
141
95
118
30
103
97
126
143
157
105
94
111
65
110
142
107
116
93
110
68
109
92
129
104
98
94
104
102
119
97
97
106
104
82
105
122
---
85
108
101
101
---
62
130
98
50
105
115
105
96
8
138
101
101
99
170
110
60
134
122
119
141
65
---
66
85
79
9
103
92
99
60
80
98
33
110
316
87
95
89
124
115
127
109
101
102
101
73
95
120
114
105
82
93
83
152
88
---
101
100
60
117
91
141
91
94
224
97
120
10
93
90
70
87
100
113
103
87
117
160
176
125
101
106
160
103
95
111
90
128
89
112
105
92
14
99
100
119
90
95
90
---
---
119
103
154
450
127
106
87
118
101
93
271
116
93
276
100
220
100
104
100
167
112
125
105
100
100
70
---
142
145
98
105
134
119
93
92
71
100
110
176
109
85
104
105
40
92
85
96
126
95
---
119
145
75
99
125
35
13
97
98
96
130
100
96
23
139
111
189
96
97
91
89
103
104
91
107
25
135
102
102
112
127
104
140
103
102
70
103
177
85
98
131
63
79
90
105
82
89
126
117
131
86
122
96
103
83
129
119
97
---
97
110
108
135
119
107
121
117
53
90
121
112
102
104
100
110
93
---
94
111
110
192
300
80
108
135
129
178
101
101
109
89
104
53
39
90
108
---
2
94
50
75
105
174
108
80
128
125
102
100
118
90
170
113
87
91
116
102
94
101
120
125
73
83
84
92
30
8
114
50
102
122
---
90
95
60
105
105
95
118
97
118
141
132
115
101
140
169
90
122
106
108
100
117
96
105
104
86
102
106
95
182
108
115
96
110
95
105
90
108
105
328
87
105
140
94
190
100
112
102
104
116
92
90
135
94
129
101
100
87
103
---
103
---
---
142
131
98
98
112
88
121
72
88
90
52
109
87
101
72
70
125
120
101
---
95
39
120
98
96
---
107
89
101
---
105
129
111
72
---
60
150
98
---
450
95
238
110
102
104
106
123
105
96
144
118
87
89
98
35
104
100
139
90
117
105
100
107
103
180
111
92
36
19
128
92
99
96
8
145
108
96
113
97
100
100
127
112
10
108
88
145
106
100
70
107
110
120
92
4
95
110
120
99
103
107
105
129
108
122
90
115
76
124
104
120
95
97
16
123
93
129
105
109
30
63
53
89
623
87
80
71
96
---
102
107
109
95
103
94
90
88
93
120
79
97
95
98
120
97
142
87
82
88
149
115
95
123
65
120
112
120
114
74
78
61
92
111
99
107
98
116
160
48
118
114
119
75
103
15
94
118
134
104
106
59
87
100
11
109
93
114
113
72
123
92
85
100
135
75
108
96
108
120
80
95
130
88
50
15
105
96
43
96
91
78
119
88
75
110
129
117
105
157
121
109
245
90
82
156
108
168
114
123
85
91
121
92
92
98
104
96
90
95
90
130
98
82
64
99
94
100
119
155
95
87
81
123
107
132
99
95
54
110
103
114
96
119
89
127
105
94
5
107
138
29
93
194
96
91
135
108
105
145
179
---
135
94
122
43
111
97
110
90
100
80
135
100
---
176
133
80
155
112
105
90
98
112
128
91
97
60
109
101
---
136
1
101
92
88
93
59
143
104
108
137
137
80
83
94
105
138
98
117
106
97
108
108
30
110
97
---
115
128
88
118
81
99
103
97
108
117
104
81
88
93
100
111
97
111
113
102
87
108
127
105
110
112
90
134
137
113
103
91
89
86
110
104
106
1
96
95
107
91
134
90
---
80
96
101
105
93
90
128
84
80
121
106
103
91
91
111
128
91
23
---
68
52
95
93
118
105
101
86
80
140
122
110
105
88
102
101
---
94
114
134
100
86
87
111
85
95
80
101
73
108
98
152
134
---
125
37
151
109
114
115
122
120
126
97
129
126
87
286
10
80
115
87
101
200
109
97
138
---
88
135
90
158
102
100
113
23
114
104
93
132
139
15
83
111
94
93
150
108
39
109
115
80
50
100
93
96
123
15
91
92
109
137
108
113
98
100
99
122
101
93
101
113
105
88
95
98
121
110
82
82
172
90
90
24
110
103
104
55
92
91
100
119
126
119
93
106
106
105
75
121
127
68
116
95
150
95
118
130
90
265
30
107
112
68
60
87
---
120
110
50
135
110
108
130
84
97
129
124
52
144
91
177
88
91
89
122
121
117
109
15
118
100
81
---
128
99
96
92
108
136
76
120
98
103
134
12
113
105
117
80
89
95
100
122
170
104
90
110
94
11
107
108
95
105
97
76
96
95
101
99
103
89
77
80
95
43
140
93
69
90
120
106
73
110
105
102
117
83
89
120
110
100
121
157
97
169
---
---
88
106
104
95
104
110
105
30
124
111
110
106
115
117
94
113
97
140
---
110
54
61
76
99
112
122
260
134
100
106
72
86
169
113
---
124
94
104
118
95
91
87
122
80
103
170
79
105
80
74
117
132
113
650
86
102
104
91
85
23
81
88
106
113
102
71
74
95
101
98
188
178
---
88
79
98
88
107
95
160
188
100
86
103
105
6
98
78
---
102
77
100
65
134
130
104
115
85
96
6
80
96
188
94
92
92
73
110
---
147
127
115
4
104
120
111
139
111
94
---
10
118
95
99
179
---
110
116
---
107
93
131
101
95
90
175
119
---
118
95
107
111
98
115
102
155
107
112
97
103
101
99
97
125
104
77
99
107
118
116
98
122
99
126
91
99
101
106
159
97
95
104
94
130
100
138
141
160
88
103
---
131
111
94
107
90
45
127
155
76
174
81
90
102
113
90
---
121
1
123
115
105
177
99
82
139
84
---
150
91
97
103
95
93
102
96
102
100
93
97
85
125
102
97
81
103
118
7
20
100
104
133
95
94
115
95
134
92
162
115
7
100
94
126
112
120
246
104
138
106
95
128
107
130
88
108
124
162
66
147
90
104
77
162
107
---
106
81
93
99
170
90
10
120
104
---
136
95
121
90
108
245
150
83
60
91
94
114
---
94
89
52
98
---
25
118
99
111
110
98
217
100
95
99
95
96
48
90
99
90
93
101
113
94
110
59
50
107
107
87
90
96
112
102
100
109
116
105
120
216
107
100
170
94
122
110
140
104
93
114
77
142
78
94
28
125
130
93
108
97
60
87
104
113
113
90
74
9
80
63
114
97
45
123
88
13
49
153
86
105
115
89
109
132
95
89
121
104
118
112
123
122
101
186
90
9
118
106
126
97
50
105
122
116
120
112
104
154
139
103
50
27
182
113
123
103
66
86
115
113
88
---
15
118
110
462
---
119
105
120
135
82
60
60
110
110
104
84
83
111
6
77
85
105
55
98
95
288
93
91
---
97
87
90
113
116
106
20
60
113
---
105
90
100
130
103
82
106
96
90
100
---
110
73
115
124
129
56
504
125
124
156
20
98
---
102
86
107
90
172
144
123
103
95
70
123
110
112
103
133
98
154
---
---
106
104
94
109
101
104
130
147
116
131
84
145
95
119
95
112
105
2000
99
110
135
153
254
145
136
82
95
140
96
83
345
88
83
70
120
97
98
123
103
113
173
119
99
143
129
180
90
---
183
85
73
137
90
100
97
109
119
74
118
92
182
102
20
57
42
153
85
90
110
106
109
11
86
107
---
119
93
94
125
134
90
103
130
102
100
109
90
113
112
116
107
152
104
105
97
68
96
82
95
90
90
8
107
119
123
101
88
315
95
98
97
70
98
119
120
95
112
---
85
91
130
60
98
111
96
108
83
93
120
88
142
123
168
97
107
96
224
86
110
65
125
50
110
130
83
107
132
87
96
120
106
91
119
134
121
99
106
35
103
97
119
146
178
92
112
122
30
209
124
86
112
83
107
---
117
97
89
87
102
172
119
123
113
86
109
95
121
106
141
100
70
126
96
89
147
97
84
133
108
117
156
115
104
103
91
100
112
127
1
112
125
84
91
124
90
96
99
118
105
114
108
94
99
77
90
61
100
103
70
100
99
105
52
118
91
57
89
96
91
85
132
150
107
154
87
128
72
108
105
---
135
109
144
131
126
99
---
92
109
170
92
129
---
116
48
104
86
115
110
100
145
104
90
89
123
112
112
97
170
94
75
98
87
116
102
96
84
102
97
70
97
84
113
100
12
196
52
109
112
---
86
111
90
86
105
99
112
95
83
129
95
110
75
179
103
113
124
97
90
83
95
181
113
96
113
32
94
---
90
93
104
105
101
118
24
110
110
112
134
---
140
92
93
87
103
83
96
96
113
6
105
160
91
110
93
98
240
110
114
103
97
90
90
110
93
109
116
89
46
90
112
105
18
115
100
112
94
65
165
97
101
75
95
102
107
92
127
110
84
107
90
60
96
102
115
103
152
116
114
127
94
179
140
85
80
112
102
92
114
108
58
74
108
---
138
52
92
57
97
92
105
114
13
121
149
104
93
84
---
102
119
100
90
133
80
134
140
128
113
118
106
88
90
142
124
97
73
84
113
50
98
73
93
105
129
117
180
108
99
94
112
109
120
70
127
104
12
119
95
101
97
97
118
100
93
---
133
73
103
138
---
99
121
91
116
125
79
104
90
85
106
148
71
81
131
97
120
---
124
89
69
175
103
103
96
115
92
311
85
---
---
85
140
109
105
166
120
90
104
102
118
---
106
90
90
92
99
96
88
100
24
112
84
99
91
94
141
144
---
97
118
97
102
93
132
118
120
116
102
85
10
76
105
90
102
63
---
115
77
91
100
81
125
101
53
108
86
115
88
129
10
85
110
92
99
---
96
145
80
81
186
90
108
100
112
135
169
102
91
110
99
83
74
146
121
115
106
120
94
115
102
132
106
---
132
119
109
5
77
90
110
92
102
125
110
60
119
88
40
---
89
112
---
86
92
80
115
102
138
105
135
90
90
117
103
94
119
137
23
44
---
118
---
96
---
75
21
72
90
88
93
80
82
373
---
125
72
118
---
110
70
127
120
113
91
90
---
113
100
81
80
93
11
---
102
113
104
75
108
136
112
104
59
17
201
116
107
95
87
109
136
180
106
116
83
100
123
86
100
74
149
115
103
148
115
1
92
82
86
---
92
127
104
120
119
118
110
137
124
90
---
92
108
127
85
106
60
100
73
107
90
100
88
107
105
111
128
112
104
155
179
90
107
105
78
109
125
80
119
352
98
110
96
98
95
96
101
120
104
126
110
97
105
99
109
101
87
112
95
101
116
151
101
115
---
140
105
102
101
94
74
14
108
116
80
105
91
133
---
97
100
99
68
111
---
87
---
150
82
127
56
108
81
90
143
177
138
110
12
7
551
96
95
138
93
99
121
120
118
94
148
83
342
87
---
100
110
154
91
85
92
121
105
78
115
125
118
170
15
105
98
---
109
111
6
96
114
135
90
101
117
141
117
117
121
74
81
98
130
99
214
102
78
136
123
120
110
---
80
116
192
98
99
50
89
118
93
142
98
180
---
85
360
122
92
90
130
105
152
540
88
92
41
137
86
97
89
113
107
110
103
101
73
112
129
---
---
---
121
97
71
126
100
84
80
108
210
104
126
108
120
109
108
100
52
152
115
113
137
120
89
92
90
82
156
106
---
110
91
35
143
87
402
95
110
133
140
147
143
87
85
79
100
179
270
97
87
2
23
9
162
141
115
155
90
14
106
125
87
97
101
95
94
80
85
120
---
111
106
96
126
94
101
90
---
83
112
96
119
97
122
90
90
85
154
103
278
93
104
85
136
84
135
99
90
105
---
60
107
17
86
123
100
162
105
---
53
90
132
100
114
127
98
679
97
106
110
140
125
174
111
95
170
98
120
120
218
92
91
106
108
107
105
81
85
99
99
98
104
128
96
89
---
175
49
103
82
136
128
78
92
110
115
95
103
106
91
119
105
101
27
89
102
97
118
111
97
71
129
121
92
99
91
90
93
100
103
99
111
84
91
140
---
170
124
86
158
99
116
180
85
107
110
107
104
87
---
80
110
103
97
121
8
103
122
134
103
96
116
98
93
108
109
110
115
76
92
116
126
101
90
65
93
115
118
96
83
150
55
93
58
95
121
104
83
119
---
119
127
85
76
97
90
101
---
110
105
93
128
115
183
92
110
120
122
82
103
---
82
116
164
144
112
93
117
130
91
61
103
80
104
135
102
108
---
187
80
98
106
108
110
94
84
103
110
121
129
91
70
93
93
126
110
119
65
95
---
82
16
---
132
58
1
150
109
120
120
119
134
101
---
119
110
132
140
87
135
136
105
99
113
96
52
91
74
99
117
129
123
124
98
100
95
77
91
107
90
157
90
141
95
81
82
115
85
120
85
153
154
88
68
90
100
97
98
124
93
93
---
208
111
93
80
88
96
70
15
104
73
115
100
159
160
116
95
105
---
123
90
75
115
100
114
112
17
49
103
127
96
52
105
139
115
116
101
91
40
119
78
94
196
114
9
127
114
---
93
106
104
121
109
107
---
107
95
---
78
121
63
106
103
114
97
82
87
135
---
116
123
79
150
120
101
119
124
---
116
100
144
131
114
---
102
84
139
52
130
123
82
155
110
94
---
95
109
125
102
92
167
120
116
540
21
58
---
91
132
140
117
93
75
78
112
32
87
92
168
93
137
150
107
117
---
99
109
103
102
95
118
113
138
108
90
92
105
143
94
90
78
128
---
---
110
86
94
84
86
97
96
---
---
75
172
100
96
99
140
126
92
145
12
100
93
85
98
149
23
109
121
14
90
104
113
192
---
84
133
88
103
32
152
144
91
32
96
135
113
89
87
88
168
90
95
105
61
---
112
---
109
30
121
118
121
129
255
110
108
113
100
100
127
---
94
94
140
100
125
112
180
121
95
133
108
132
103
157
120
135
95
84
85
108
101
87
85
80
113
117
78
122
130
38
88
106
130
120
---
68
98
93
---
79
91
---
9
107
113
90
109
65
89
96
89
100
41
110
76
92
120
14
---
109
99
106
---
103
21
108
152
126
95
126
109
85
117
100
117
107
108
102
68
---
83
121
114
111
138
125
90
90
109
92
135
92
107
118
147
27
121
---
145
---
138
104
5
105
107
---
93
107
111
100
90
95
114
114
105
85
113
114
121
138
108
153
158
91
93
---
129
88
113
106
103
87
84
89
78
---
83
---
---
92
143
100
24
---
81
111
85
111
239
100
107
102
114
106
103
---
116
83
93
87
97
120
93
17
58
---
---
122
122
155
100
101
180
140
126
95
91
90
96
80
94
540
90
---
160
22
93
14
118
---
124
102
96
88
158
---
53
88
---
102
78
93
58
106
106
119
85
213
117
115
92
84
80
72
135
105
---
111
105
138
135
75
99
95
100
96
93
115
80
60
3
92
114
95
80
116
110
97
105
151
165
169
95
90
87
94
126
---
100
---
95
142
158
118
---
---
95
107
---
96
100
117
112
80
86
99
122
85
97
106
---
---
121
101
123
94
113
113
---
92
102
108
92
91
123
115
23
96
99
148
90
10
5
102
93
91
135
---
85
97
96
136
137
106
95
135
73
94
70
11
80
117
286
52
90
97
87
87
112
137
84
157
141
116
107
63
87
113
94
---
117
95
91
104
191
139
80
85
100
84
168
92
111
118
190
186
97
119
121
123
21
---
138
88
7
---
115
77
157
120
93
114
96
84
111
87
94
90
109
103
91
114
102
96
60
167
130
114
112
120
90
97
120
130
104
109
113
167
115
96
---
124
75
110
105
72
80
98
120
94
113
101
87
153
75
450
121
111
15
22
---
---
116
---
80
96
80
83
126
130
166
90
---
70
96
---
106
137
---
39
140
80
80
147
102
100
90
110
111
86
32
87
98
93
96
122
---
115
86
85
90
145
93
122
---
90
97
15
103
94
94
119
88
112
122
12
124
84
104
92
130
14
115
124
95
95
120
92
94
109
85
97
100
62
118
---
107
245
---
109
83
---
108
185
136
90
101
145
94
94
87
108
94
107
---
90
94
98
96
104
121
104
119
60
86
134
103
79
79
116
107
183
125
114
110
152
82
10
121
112
---
105
82
---
78
115
93
90
97
80
72
113
133
102
---
110
12
108
80
212
101
98
100
87
110
107
128
60
137
98
84
87
102
257
---
118
121
98
98
92
107
102
26
40
130
87
97
87
101
140
18
78
113
83
131
96
128
110
---
94
11
117
75
135
98
129
110
91
146
98
---
103
106
94
92
144
137
---
127
119
80
78
75
128
92
87
146
123
77
155
---
103
24
111
---
99
125
120
100
112
129
95
101
55
84
161
129
119
101
90
139
118
---
90
90
105
100
72
---
118
93
54
135
78
93
---
100
96
96
70
---
134
97
124
123
218
119
61
88
101
85
100
125
92
98
99
73
90
89
93
---
82
119
105
139
---
75
144
110
73
99
166
122
---
112
170
97
114
58
18
103
106
19
95
116
102
102
93
161
97
---
101
---
9
116
---
110
78
---
102
99
97
92
---
---
162
87
114
132
85
116
99
90
116
---
135
---
---
140
93
76
93
90
77
110
120
97
---
---
100
161
64
110
78
134
95
73
86
100
115
89
117
121
91
99
97
---
109
104
107
88
133
90
135
100
84
138
93
101
91
104
10
86
88
96
92
105
162
108
---
93
98
---
93
52
109
93
153
117
86
101
---
138
117
103
97
141
108
99
---
95
17
---
89
79
90
159
153
19
85
96
87
169
120
105
125
107
88
---
---
---
---
105
108
39
334
97
87
94
94
107
122
81
119
---
96
94
112
69
108
---
106
80
105
112
110
113
96
98
110
87
85
98
---
101
---
98
107
80
94
101
145
78
135
109
120
88
104
102
92
101
148
102
100
---
90
8
90
92
93
83
121
114
88
90
93
115
90
115
80
118
97
95
122
145
125
132
106
126
101
106
138
63
---
---
117
78
100
139
130
91
---
92
75
83
1440
88
---
50
109
117
105
113
98
141
91
101
134
98
99
106
140
148
11
97
116
17
---
106
104
99
90
128
130
84
91
181
100
116
76
104
90
87
105
104
35
272
115
116
116
79
87
98
135
106
89
89
102
99
109
103
109
40
140
98
134
90
97
---
180
103
117
70
130
87
102
112
92
113
---
87
112
91
112
158
356
146
112
127
155
100
127
159
94
120
85
73
91
129
---
105
85
133
103
114
97
92
94
92
91
131
117
103
150
107
105
95
92
88
88
900
90
99
109
180
129
87
98
---
89
360
90
92
115
---
102
---
---
92
101
---
81
123
30
125
82
123
158
75
102
102
95
---
106
86
110
97
73
62
92
77
97
110
---
100
105
107
79
118
125
98
124
127
93
91
93
93
40
100
103
---
2011
110
128
108
81
58
76
130
104
113
150
95
139
106
96
101
90
133
104
142
95
104
78
106
112
89
91
120
95
140
75
199
115
83
80
87
116
100
112
97
86
100
94
---
129
99
101
82
208
126
---
90
---
84
90
97
106
93
118
107
146
56
110
146
---
115
180
95
100
120
132
107
136
110
169
103
95
117
105
---
---
130
109
120
98
144
94
144
102
122
80
120
151
86
86
147
78
157
89
103
---
92
129
115
97
87
102
107
78
115
80
72
96
109
93
85
107
---
101
113
110
168
97
121
75
164
97
96
112
75
90
92
131
93
85
120
103
95
140
101
81
122
107
95
118
100
86
100
127
92
62
89
77
81
106
108
180
119
118
320
89
132
109
86
91
94
84
---
118
99
127
121
---
75
102
95
67
---
145
106
112
70
68
143
108
95
93
80
150
130
81
165
95
115
119
109
59
103
105
108
90
128
90
115
---
118
142
110
122
96
---
100
72
---
---
79
109
110
106
103
108
150
122
92
136
88
75
165
91
107
83
95
86
---
172
116
90
115
90
98
153
88
143
109
74
129
94
106
103
93
138
105
90
96
103
98
81
104
300
91
107
40
91
105
150
130
126
94
102
92
89
111
10
96
106
99
---
11
104
---
85
95
---
96
91
72
132
92
83
250
45
---
73
---
---
130
75
90
---
104
100
122
116
10
85
---
177
108
90
---
120
134
97
107
100
82
104
93
86
90
122
150
123
133
126
179
---
77
85
---
85
121
60
220
114
146
85
123
---
115
109
94
91
101
85
78
113
76
134
186
96
126
102
103
136
160
71
76
91
108
88
106
92
99
96
88
80
115
88
13
164
95
---
130
112
160
98
87
107
---
138
---
90
180
148
85
141
118
129
141
98
118
---
33
137
98
131
93
138
113
91
117
123
81
108
112
227
90
86
100
95
244
130
109
72
80
---
109
101
148
100
101
124
134
146
---
142
89
110
196
107
105
103
111
95
139
200
128
132
134
123
115
127
84
125
149
95
---
117
70
119
98
86
121
102
131
110
66
---
120
98
81
116
93
95
123
123
150
113
165
---
100
90
125
141
102
111
97
80
134
88
100
93
---
121
---
84
169
92
78
103
120
120
108
98
67
121
114
95
116
100
130
231
108
98
84
102
105
111
94
94
113
108
75
131
97
84
101
2
104
122
---
56
86
114
127
73
155
100
120
104
90
180
100
140
118
135
115
88
75
88
84
---
130
---
122
99
133
111
64
123
94
92
97
334
103
103
97
87
101
108
109
---
125
131
125
156
147
95
317
118
95
102
17
121
105
115
131
90
108
128
110
163
82
128
83
---
100
127
102
130
118
133
128
130
120
106
145
107
85
65
---
82
90
132
103
138
144
88
142
187
121
100
141
94
---
162
450
102
140
156
112
92
84
315
23
---
---
15
---
---
75
---
---
135
---
---
---
---
---
---
---
204
---
1363
---
---
---
---
---
---
---
56
3600
---
---
---
---

